3380
1256
5254
15
1706
7444
737
3501
2437
9958
4441
3193
9450
6185
6732
818
6126
5166
3779
6949
9241
2385
239
4083
1688
6089
984
1301
5362
2336
1138
2492
574
6788
2640
5453
8403
270
3197
8286
4511
129
8153
7018
6988
4869
6688
7051
1200
9620
562
633
9140
724
6334
2973
1335
2183
4848
9835
500
7503
8269
3488
8657
8630
5245
2808
41
2365
9400
1027
3469
6947
4500
6280
3718
5624
7646
6939
1950
963
8310
9467
2208
8593
9488
6511
4653
3967
1080
9555
7217
826
9478
9389
4453
6196
5778
7669
3574
2762
7674
6628
2165
1108
9586
5324
336
2860
4571
2696
1618
4899
3015
9205
5543
8432
2268
722
66
3738
5447
4116
1666
2040
4819
5453
3154
4871
5210
9789
704
76
9290
2234
7985
9275
3308
2652
3987
567
5377
9852
1811
7563
3390
831
7151
3336
1882
2173
526
8064
1974
2406
1983
4931
8988
247
16
4311
1066
5849
6817
9117
4625
3836
2216
2385
6585
6466
5493
6163
7080
7246
4200
3828
7475
9487
9794
5987
180
744
9050
6713
2940
9170
9985
9473
4090
115
8664
140
829
9457
3744
8739
9767
7970
673
7343
1362
1894
3200
1110
6871
4263
8827
5606
6029
7247
2679
9719
6415
2395
2556
3724
7186
9919
9470
2459
2405
7482
7248
5021
6841
1147
8068
5688
9907
8948
7542
5323
5071
990
6362
3065
3815
6366
3027
8009
9141
5878
1462
1917
4486
8095
2493
7411
1807
3253
688
1337
5316
5315
5057
2052
1398
1153
2823
1825
2109
2699
9838
3469
1703
2740
6221
6499
9920
4027
2504
4885
9618
1309
6550
8925
2926
4891
1446
6516
7692
5773
5870
370
4384
2662
4212
8599
589
3866
4720
1369
1918
7390
7409
431
9043
3056
464
3774
3529
9335
258
9890
6829
9163
9265
1135
450
375
3757
4056
8449
8238
8159
7248
8576
812
6895
767
7062
3375
5223
9191
1214
38
167
823
362
4776
5994
6832
8698
3848
3193
1575
1166
9224
5678
6826
408
5452
444
4551
7013
5568
8221
6473
5965
8204
8124
3395
6184
695
2244
9746
6516
5434
1928
6303
7189
438
8933
1042
8588
6280
9973
1069
1276
972
2773
2168
5256
7105
7050
1256
7344
2380
399
5974
334
2750
1281
5597
2652
1002
7375
2612
7289
7218
5500
1725
380
6737
4616
1356
3767
4815
7630
2700
6831
816
5055
143
5931
4558
7486
629
6124
7448
5485
495
9036
5675
9816
2451
1113
6400
9728
5251
7636
1270
364
3449
6277
7298
2059
2310
4978
9252
8796
2300
8528
9323
7938
4392
9705
8652
2962
8932
9358
4783
6255
2667
7903
9818
8
5007
8312
4226
6560
4711
766
2319
526
9341
2251
8208
7798
7400
2070
4399
8936
1668
855
9526
8823
3675
1257
769
8589
2862
1313
7014
4701
244
1870
259
969
1351
3713
439
5413
5930
2831
1172
5595
463
9460
4179
6513
8633
5067
1144
3576
2414
6555
8615
1558
1871
2676
7304
1239
8923
7275
6471
6495
3328
3281
927
2947
8307
3339
695
9208
1731
4622
8109
780
457
4553
2387
7636
4210
1399
920
3846
1040
9397
7944
1976
2446
3457
6262
8920
4050
788
5177
2061
9912
9122
3524
718
5901
4239
7579
1154
8985
1571
7795
4119
7857
3505
2473
7047
1915
7605
8470
3704
6627
4172
4097
2355
3982
4969
3429
2472
2221
9189
2084
2735
340
1014
301
1890
1195
6180
3370
2601
3525
3752
2669
3718
1008
7781
7164
9842
1884
5931
9082
2712
1455
6697
2280
4193
8488
1524
5132
31
7842
838
4769
4605
2844
6296
5119
5207
4455
1026
7277
2423
2463
1410
2947
8815
6989
7100
9957
7566
445
4962
4125
492
6540
6580
2935
2664
4788
3769
3780
8101
2362
2350
1575
208
5239
3102
4084
9477
215
3363
9898
3170
9103
6668
462
3180
3314
511
2970
3745
2437
3457
5510
5038
9937
1684
5126
7698
4057
5296
2323
1554
8733
6901
2239
1294
3231
8048
9379
3572
4516
4333
4299
3844
3564
9051
2053
8948
69
7014
3557
8356
8893
353
157
1637
2903
8130
379
2901
897
4338
4259
7022
339
3157
5119
6065
7642
6855
3732
1964
6597
568
471
8196
3856
2730
5104
8319
543
7704
4926
592
429
3689
2138
1176
5431
8597
7152
6635
9490
3767
6396
2274
372
804
2113
9167
1649
2651
5952
4726
9972
5261
5335
889
337
2047
8616
4628
6760
6397
1051
3323
8317
1682
9462
145
1782
1253
828
8171
9141
3862
8853
676
5223
6090
8205
2
6316
8739
5390
4760
4119
7091
9970
1341
1256
3218
6595
2973
2248
703
8998
4175
645
1651
57
631
4959
828
952
8765
1506
9544
5062
125
5557
7984
3609
4416
2290
7528
1943
5036
5559
8532
7920
5415
7213
9868
3596
5121
9271
2019
3831
7219
620
9397
8553
6482
3929
7536
2299
8889
6129
372
3463
9654
5238
2013
2703
1939
3645
8833
6049
4120
4012
3077
6890
2655
3927
261
248
1832
1596
4
4772
5742
7644
7056
3968
986
1931
5385
5501
8231
7673
3315
6881
1125
2402
7499
4022
6850
1267
5415
4230
6182
702
8016
1510
125
5008
68
497
538
1728
2567
5207
9482
9627
1403
3093
9191
8174
2176
6423
159
3155
5517
7610
3700
6689
3711
4103
4341
1165
6369
6317
5452
2821
3357
575
8569
3646
9602
8830
5968
8139
1415
8215
4622
674
2159
496
1745
3370
8429
7855
2793
4712
457
6797
442
3706
2019
2569
9891
7235
968
7151
1764
4600
1204
8106
2411
8154
9351
7511
2912
9109
2042
3805
2098
4472
3683
9594
7665
9735
3991
3983
5165
2366
96
8895
3407
7798
9279
7044
1590
5724
8660
3187
7781
6240
843
9521
3596
7500
6137
7653
7299
582
2664
1680
6526
2599
9440
1578
6029
8221
6967
4223
3827
8493
9961
6138
4090
349
6139
6545
3349
3538
5228
5889
6231
6677
6429
9931
7746
7467
5267
911
2353
2773
3595
2936
4506
6213
5837
953
8750
2979
948
9382
6244
7823
8525
9605
5749
407
8733
9782
1689
1627
2168
34
977
6351
4832
5840
6934
4497
8379
9486
9667
2940
7864
1133
3550
9900
3923
5533
573
738
1623
7196
1862
202
8899
2617
7
9596
9760
2397
3416
4368
82
9245
413
1670
3949
8985
5217
7380
7290
6120
8127
6001
2297
6760
1458
2290
6617
6448
1840
5890
4631
5097
6578
6136
8836
109
1320
9971
2938
4190
6251
8489
9743
6618
4066
6081
8235
5261
3097
29
5687
2407
4991
1149
1974
1696
1406
2671
9784
5370
2961
7099
4941
214
8273
2943
6263
2025
4208
7862
7475
7424
9898
3070
3802
9633
8761
3465
4866
4724
3064
8708
202
2179
345
4615
5767
286
6859
5453
1160
1745
5478
4533
240
8298
8506
1367
8213
7157
4327
5563
9141
5755
509
5078
5081
779
2456
7510
348
9895
1284
7569
9341
3650
4343
297
3571
1032
2191
162
352
6639
8233
7095
4778
3101
820
3434
1894
2074
1862
9643
1957
8071
6221
3835
8276
8623
4872
9568
6671
7453
3143
3115
6246
4510
8272
6361
6306
7672
996
5912
9913
3355
129
9659
6592
7000
5209
2894
1921
9423
8131
5405
974
1885
8848
6547
1028
2277
2401
3567
6851
8238
6007
2508
1469
4062
5180
8016
381
9798
1616
2469
7034
6814
1206
1367
3676
4833
880
2013
2015
4093
1751
1355
2261
4404
2192
7239
4545
1398
3195
1099
7697
5555
926
4186
203
9387
2018
8134
4300
9464
7773
9186
780
4175
1568
100
8886
5603
9024
2013
4375
8122
9706
8571
5685
5300
9267
6127
1282
1721
6543
6331
7041
9635
3699
8318
7816
876
5804
6627
6518
8424
6241
6070
391
6982
1382
2473
5029
5235
1747
5399
2002
3024
9045
3031
6596
2870
4003
242
7264
9527
1795
8328
970
4870
1038
6352
1547
2233
3617
2143
2052
9821
4710
2715
9746
6252
1954
3840
8706
9355
3136
866
6375
9159
9646
517
4138
641
615
1738
8690
8870
6673
8730
3828
2580
4407
391
3276
7706
905
9297
4173
9264
83
3831
7365
1847
1883
3823
3077
7746
9263
3928
5311
7429
9759
2781
1248
3533
1462
7885
9169
2656
655
2377
2057
6550
8950
7661
5061
4856
412
9746
9946
6520
5711
2019
6409
6946
5370
2479
4021
2657
2648
751
9570
2052
4927
3081
6350
6162
3658
6612
9716
4333
2663
5612
9278
1955
9027
7736
3595
9018
8787
8346
7458
1053
6932
2231
2982
5266
9445
2440
1210
4959
6723
4320
4551
5020
9061
3407
1659
73
762
2663
452
5123
608
749
1214
900
3750
2545
217
7145
7204
1457
286
3720
8297
4539
2291
1073
3973
4002
877
756
7977
1043
7526
7171
6139
1721
3184
3737
14
8669
1673
5100
3538
7138
6303
7951
375
7440
3669
8428
9672
6943
8566
608
8038
1367
6953
1942
4418
1733
1974
3080
5504
9680
3177
4355
5736
5789
2420
2555
8942
9616
3850
2111
3332
7332
9545
1838
3679
4589
7335
8139
8567
1403
3457
1965
6371
8562
4223
8761
9077
4472
12
3588
1457
5807
9125
1267
260
1044
1888
8854
7682
1142
3791
4549
4704
5387
4197
8217
2116
1279
2008
7630
9098
4639
4376
9431
9960
3253
4302
195
6308
4260
5992
1935
3364
1191
9333
380
2183
7189
3436
4658
9426
8472
4018
6885
2429
9630
4539
9671
591
5455
352
6030
9303
9025
1762
2647
7453
5992
3726
6523
73
7409
7474
3633
9042
4417
5167
245
7881
970
8863
8919
8279
1950
8920
6903
2419
8823
5874
5712
1529
1878
7974
3010
4520
7370
7080
7108
3947
2451
1974
265
2698
3431
273
4963
4449
1957
939
7190
2722
4025
6529
1982
7559
7040
1996
163
2346
8764
7299
5548
2728
5961
9587
7090
6755
3985
2817
3542
8216
654
3167
2790
3809
8878
1229
8060
299
8171
2834
855
5978
3339
5819
6654
7035
4325
7988
8306
9322
1222
3397
5316
2278
5475
78
1799
7010
1920
8022
6838
6557
976
528
3241
5860
3501
8207
7524
3751
1467
8908
6961
4217
3560
4373
2672
1227
2279
2440
747
6684
2237
2545
5311
1946
539
1744
6743
188
8493
1694
1579
6179
4450
5762
4074
9677
6862
95
2116
1180
6444
7392
6235
5143
6376
6390
6698
1104
6188
3841
5751
4438
3817
9678
2757
7179
1928
3216
2077
8489
4225
4930
3742
6272
1692
4140
1058
6147
3415
6804
291
8180
7287
1158
8253
989
9442
1559
9558
8544
1997
8087
3820
7121
6705
6917
7342
947
3
4375
1262
2480
6676
1546
1765
2478
5670
6647
504
8990
2961
2039
201
4022
3301
3256
3136
2353
1920
592
4540
181
770
2945
7076
406
3150
1246
147
9897
3012
5901
1076
2795
6606
9149
1018
2419
5544
3370
7572
294
195
2223
8622
2730
8907
5836
1547
5436
8936
760
9090
7398
5922
3592
8183
7259
4137
5136
4715
4357
8787
4185
8838
2897
6279
6372
1028
169
1753
1806
6894
6675
2391
5877
7563
2008
884
1226
4695
967
2659
2055
7586
4186
5991
5379
4811
9018
4920
9315
5983
4943
8584
7492
2413
1850
9462
5638
3788
3479
8163
9627
7487
8653
19
1472
5959
1544
1127
3627
2634
3577
5689
1030
1331
363
1863
2763
6250
1545
3955
8305
8582
415
7706
1493
5744
1550
5892
4860
9913
7621
8220
3608
606
1276
2288
9577
1371
4706
4955
2950
430
5193
433
2493
8558
8352
5083
7607
9564
7378
1204
7647
9608
1517
4882
9269
551
6726
2345
5742
5251
1546
3261
3470
1892
7960
7142
7944
2126
9614
8969
2676
9226
3345
9733
7811
9962
865
6779
1952
2359
3580
8129
3912
2013
8209
1192
3003
7402
7704
8797
3779
7043
7888
2509
804
6455
7721
2333
9188
9640
836
425
9229
711
5624
699
1073
2095
1526
5966
2478
5557
46
4931
1922
6750
6899
7300
592
1874
2109
3960
7187
7760
6798
9238
1843
8257
4104
509
8646
3329
3852
4467
3672
2652
757
1948
158
2277
1479
1246
4968
6157
5042
546
3061
8930
3212
7294
9035
2854
1469
817
6279
5730
2108
142
2994
1802
4555
4125
5445
4002
7199
8590
4478
7825
2002
5296
9507
6453
7244
1873
918
8936
6895
8182
1434
5058
4754
2077
2741
5310
1841
1089
1319
7281
4098
4271
5306
4904
1051
4374
6970
2162
2019
2644
1990
5087
982
2367
6280
262
2861
9456
3698
1981
6765
1479
3241
4100
46
443
758
4755
4879
2465
1898
7366
7801
8559
1698
8693
6705
1185
7164
2473
9745
1595
6729
9372
2153
2448
4196
3505
1586
7955
1313
3924
4180
3884
1865
4722
5129
1838
5077
7244
5073
6902
329
3400
1927
6758
2499
2073
1923
7683
2692
2064
5490
5532
1087
627
2803
1868
5231
8445
355
1986
6414
2245
8732
2047
5555
9748
4185
6991
4027
4913
5277
5099
1019
2495
1637
6046
981
7258
5483
6807
6778
9454
812
5199
399
4873
3052
5692
2386
1506
5321
2980
1823
6665
77
6886
2510
3392
1688
53
8879
4907
8413
3719
1097
7620
6843
413
9519
5314
3456
4692
6437
2859
2025
8156
6337
1448
8621
485
9685
3272
1850
3027
5004
5751
9007
2522
7491
7872
253
3066
10
3217
4696
3697
8715
2510
1138
7277
7898
2313
3049
1745
1405
192
6352
7082
3518
7463
8060
8786
2175
9560
64
9333
8062
1384
843
7346
6281
4027
4479
7652
3507
9147
1014
4706
5816
6757
7328
868
7773
4869
8768
4343
5212
3524
5768
5314
1198
8878
9986
1866
8697
4809
5457
5923
7741
450
2039
8488
2921
7930
8184
5021
1795
4242
6014
5154
5368
5186
7439
539
6513
1216
716
7598
711
1855
5931
3004
504
6662
1384
8036
6347
8691
1047
3013
3728
1455
9116
7346
2475
1508
7167
2571
7474
4428
6714
2185
8597
9548
2709
9065
7822
1825
1829
894
7945
3882
4480
3728
5509
7862
9300
6041
475
9503
9064
7634
2048
5143
1427
5753
3798
4689
5372
7286
551
7876
2961
1678
516
219
3596
504
8347
3249
643
9582
6279
2459
2735
646
2157
2838
6383
1665
5764
772
5422
1940
1668
1104
1154
2581
6771
1562
7031
5736
5675
4367
7435
6555
1632
2808
1467
7870
3840
8119
5758
519
6108
7373
9536
9269
1031
9727
5346
3892
6844
7418
5248
3201
661
2244
8851
2670
6761
7605
7288
5143
2133
5927
1184
166
4542
2618
7978
8228
2998
4075
4142
9298
6078
869
1867
2999
123
5512
7268
5978
4908
1289
5654
9346
5578
6475
5133
2363
8465
3533
3271
7853
6622
3427
7017
136
1801
809
5697
9298
6389
7605
59
245
5862
6589
1464
3122
7602
2185
3292
2682
7707
9466
199
2351
3772
3323
679
6742
6530
4215
5788
8560
7709
1051
4412
2825
9751
3774
3639
5616
1988
2974
6142
1960
8923
636
3743
511
7972
5051
7396
1965
178
7652
6125
383
8307
4558
4539
2389
469
8685
399
4312
9675
7992
146
6097
1296
7599
5574
7910
9644
7757
5085
9013
6981
7738
8873
8390
8680
1029
1923
8827
4888
1248
959
5660
4118
795
8592
1857
6977
8438
6345
2815
368
2289
1060
3783
9294
6999
1717
3723
2148
74
5185
1938
2782
624
700
3406
1815
3743
3745
1468
8822
2581
4838
1052
3549
5963
4782
1970
2079
6362
4848
1356
3347
9759
5128
3988
1462
1915
8733
5720
4165
6894
7571
1081
91
645
5057
1793
9640
1201
870
9592
3827
3675
952
4552
6354
8997
3421
5520
55
578
813
7878
1276
2296
4855
784
2706
3685
2500
4453
4999
7424
6201
4448
3703
8850
1457
2133
7988
1956
4138
4406
1704
714
3406
9272
4154
7681
4885
6802
8976
5061
3897
4374
2532
2342
6650
2515
7258
6108
8115
2826
1361
2488
637
2624
2200
8749
1394
3667
3938
9567
4453
5856
3581
9579
5520
5140
1520
343
5150
1617
2403
1787
7434
9028
6291
5649
1448
7957
374
4376
7122
1631
140
7919
7733
1088
2422
2480
46
5219
8139
6443
8319
5388
6073
309
9830
8275
6586
3088
7488
8965
455
4125
3978
6840
208
2975
5784
2926
5565
3378
3050
8475
4559
2860
8251
666
2234
4643
2875
732
4183
5535
5072
419
2357
2640
8089
8847
8736
3635
9075
4886
8741
5138
5295
3465
6580
9466
4564
7509
4599
465
5873
1623
3554
5303
7478
7076
7756
6764
7955
2040
301
339
6880
9869
5560
469
5727
446
923
1945
1616
1388
9428
4818
2371
4145
6807
2505
9987
9459
5805
1613
2017
9995
7935
8249
6302
8615
1667
7301
3645
3325
9366
431
8744
1393
3675
2923
2930
9017
9043
4056
2413
1982
2941
4550
5405
2006
2464
8325
9853
3568
8535
2495
2656
1023
380
777
1210
6779
2136
6101
1985
3892
8889
5932
4030
6921
7413
4986
9096
88
3631
9322
7139
6150
7960
3717
5509
2529
5303
8165
4793
3364
4860
8478
7112
3867
9281
6975
8756
9032
3890
1013
4231
8165
6559
1969
3404
1579
1279
4107
1771
9842
7096
407
8763
7642
9724
327
4083
6314
3413
2113
3809
3878
8949
1858
4991
1734
6599
5315
3859
2645
9914
8508
854
2920
1935
822
3128
4768
5265
197
8786
4049
2021
517
5851
8947
8962
2084
671
1848
7826
801
428
3344
4921
1860
4047
8490
2774
6510
8735
5324
1448
7522
6008
5588
4754
1476
5068
1855
5922
1792
1652
9131
8399
638
2573
5753
193
3621
2337
9973
4213
5406
9315
9800
8993
1867
6783
4813
4581
7351
6736
9043
6291
8383
1364
419
6624
1762
1150
2482
3595
7125
8331
3865
8093
602
391
6323
8962
9265
4289
3879
2887
7647
2428
1719
100
4959
2151
2040
1740
5175
5743
1747
7731
1116
6739
2315
6560
8360
1672
2256
1347
4123
5998
6611
376
783
1907
3819
1836
7505
9255
7415
4335
5325
2864
9077
971
3913
5551
9395
3077
3396
2002
1188
81
976
9467
8533
987
7423
1457
8288
6035
4874
3813
9152
9160
2103
9784
3975
6408
3756
3643
1245
5382
9551
8247
6121
5358
127
7135
2917
7590
3209
7362
13
4213
3540
565
8680
8200
6718
6464
6427
1074
3930
7384
2858
5764
8793
6750
5728
1293
3130
3077
3920
1332
6445
7338
3069
8036
5772
7967
9303
1687
9115
968
680
9254
686
7497
3022
6672
1789
2719
1257
2601
7236
5999
1447
8916
5630
3901
6750
596
4899
2398
4650
1056
3743
8959
1639
2038
6101
1095
7602
881
6164
3098
1611
2589
4616
2480
4173
9514
4260
4613
1633
543
7663
6466
9296
1986
701
2397
6216
7749
800
2892
2225
1906
1422
1999
9520
4187
1604
8783
9212
6395
8251
1329
2735
2625
5530
1408
4335
4479
764
3834
6845
1389
548
9274
3133
2979
8174
1766
4808
1671
3960
601
5022
4804
1073
6483
1440
5100
9696
9743
3421
8558
4280
6070
2716
1563
5018
9395
6362
6726
6780
438
8755
4347
2617
8589
2038
7314
7225
1600
1940
7843
7203
9707
4841
6379
9296
9730
2559
880
1953
4671
4639
2338
9236
6096
1721
5395
9906
7999
5462
8824
8333
9010
6892
2416
5832
6100
210
5045
343
1555
2997
4464
282
1916
3066
2370
8772
4659
2308
8656
6880
5176
9625
5646
8646
246
5888
2832
106
3534
1965
5213
1989
804
592
2389
8009
4407
9739
3636
1631
9655
7635
6295
9876
2610
8969
8687
2723
7024
4393
9347
8212
384
258
5499
8582
2962
2855
9147
9064
5991
1317
7740
399
8837
6855
9313
2195
863
7831
5192
4666
6756
1478
9119
9593
6391
4173
5882
7688
5408
2948
4898
2773
3105
9075
1856
1196
8747
1767
635
6086
4577
1320
5662
1216
7261
5257
9261
1134
6498
8511
1993
1870
3779
4421
6977
2737
9842
8191
1916
3512
6763
9150
8277
924
5361
9892
1014
1953
473
7736
1848
171
4950
428
5642
946
293
8573
6560
3426
1562
1995
2654
6214
10
5097
7701
6773
459
7351
3852
7821
2568
143
7939
3344
5626
5484
2213
8556
1076
146
8364
16
7517
3914
6217
6636
4979
8316
4867
5671
5518
2546
1504
6743
4802
5338
7378
6093
490
1405
7236
1550
5441
7342
1669
1481
4354
5445
9332
3094
6324
1580
9549
1244
830
7705
562
8646
3969
4734
558
5862
9813
7854
4742
7515
3108
4016
3121
7551
8631
2456
1177
4484
8061
2597
5506
8176
5683
4485
3659
2662
4817
1664
3027
871
3729
83
7566
2345
2741
5115
3800
1687
6809
2421
3209
1433
9943
8739
5833
6629
26
2194
7733
1414
5941
4794
979
3196
1268
2437
8355
7668
6291
8756
215
1146
3198
1678
9685
4716
9609
9946
5785
528
3617
1408
7920
9177
8690
3083
4675
1270
7339
5729
3600
444
191
4326
3408
3237
8141
9789
6756
4600
2242
1649
8017
5707
973
3779
5086
519
2947
1221
8731
8395
1029
2327
1764
7507
31
4895
9830
9114
5842
7758
114
2990
7524
4785
7440
4692
3622
1077
4069
7723
5302
1711
2664
660
8006
4490
1041
7826
2269
9666
3107
9295
4589
7809
5037
8192
245
7992
5275
9194
3863
2561
3250
3781
1948
4034
4907
879
5943
4261
5679
1844
935
741
3109
3501
6161
5339
2231
5254
4382
4746
8716
3093
753
2840
2674
4616
6748
4926
3241
237
642
610
1928
8088
304
5907
6970
9281
5320
6884
8841
620
4670
4813
4863
4189
4823
7438
3512
4731
4462
197
5308
7652
729
3058
9787
7937
8715
2521
9754
668
7404
1960
1405
4495
3334
8506
5813
7071
1185
4379
8220
5481
401
5965
1695
4076
4286
4250
4380
8727
2213
5723
1963
2228
9405
920
593
9861
3692
6337
3555
301
9051
3484
9881
9363
6311
5904
9107
8355
9418
7298
5888
1173
9322
3278
8396
9746
9600
2664
3433
5796
4011
2531
482
237
885
2306
5020
2635
7590
669
5486
1418
2473
1015
7427
667
7340
3677
3853
4164
2347
3009
1324
216
991
6264
783
3640
9491
848
4986
2265
5224
567
4761
328
4025
7144
6564
124
8081
3015
1875
3227
3772
1662
1524
5855
2892
6137
9770
2458
1517
7840
3112
6744
5034
8706
5695
6197
4673
5930
2453
542
7892
5741
8647
5308
8594
1553
4432
8430
9510
3445
7305
9094
5502
8732
9827
9528
2270
9099
371
8126
5990
6630
2782
9903
9442
5894
998
2017
9536
1854
6659
812
8583
1006
2549
2145
6342
5703
9704
2507
747
2463
153
9317
9429
2344
6329
2989
2076
7117
2960
2983
7439
3180
3731
9380
9502
9082
8345
7093
458
4915
5835
9338
9465
5281
666
4736
2703
3184
869
2315
3497
4847
5355
3888
3771
505
733
1926
45
709
328
8541
593
8106
9538
6480
8872
1031
4882
2647
5798
4834
5621
5697
5539
6224
9919
9440
627
7173
1055
3893
3368
8572
7798
9725
1495
3576
1848
9804
3977
4668
4595
473
8322
4376
2881
1978
1271
3237
4313
4066
4827
8148
763
4471
171
2993
3787
4009
1212
8734
797
2129
4961
8653
1698
678
3713
9805
8658
7861
4504
5290
603
1378
8252
1150
9384
1034
8787
8700
3061
891
8803
9278
1714
1862
6795
717
6775
8660
304
8514
2503
1383
9546
6075
9528
7522
1825
9792
4786
6188
7857
2070
4213
6320
1686
6099
6544
3816
8036
9155
9647
5132
5429
5003
8037
6310
8905
1564
1643
7768
5737
7819
1527
7632
157
3326
2016
5194
5375
2025
8496
5414
335
8777
620
1756
1911
8625
6497
3805
6770
5076
5311
188
7161
2754
6698
7869
8367
902
4942
2637
718
303
5091
7395
3728
8862
3681
3861
5891
4575
5462
6717
3831
7916
4966
1069
1433
6638
4322
7792
2805
8437
5084
1924
135
9546
9305
1605
7107
8371
1480
4268
1511
1975
5059
2200
4493
8178
68
2315
9653
3403
5994
4584
3074
725
1723
2875
6435
7011
4203
3114
2325
9951
2254
362
4167
7516
7643
1430
2655
4042
9859
7820
5291
6731
704
7959
9515
7204
512
1812
8317
9589
7812
4047
1160
2717
6388
1646
5085
664
7734
3186
6042
6298
6670
2457
6594
3920
5368
6262
5370
565
6932
5381
5684
818
5938
2825
4225
6138
7070
7769
6595
6565
3277
3451
5713
7067
7177
7087
4767
9172
1144
6432
5805
3965
3668
7622
1198
1134
775
3871
1212
3786
582
8735
1065
8374
4848
3798
1353
9453
8358
2529
4575
2883
2156
7219
2726
2297
8865
293
9313
6464
3612
124
3524
7106
2375
3899
2676
3885
7873
7032
3436
8289
2479
6595
3491
3117
3394
2884
1994
2053
6783
900
9866
7750
8858
2016
1021
7357
20
361
1771
1589
3416
2079
3945
6911
2944
1791
3245
7559
1469
7370
3668
7396
2551
4600
4232
9424
4945
941
7308
5881
241
9083
6522
4424
5199
8888
5024
9936
4700
6706
1637
1481
6244
656
178
3309
3783
1498
8799
7122
4852
4284
9131
8698
1751
2551
6545
4023
7509
6600
6823
8851
7653
205
2280
2351
4866
1125
9221
1994
750
2280
391
7124
2425
7527
2633
4964
7091
1845
4451
2663
3182
3254
4345
8522
4823
2710
7366
3226
9270
1806
7363
377
1731
2626
9629
2260
4492
8095
934
4227
7045
8659
3194
8464
2463
7677
7316
2044
3324
6887
7298
9390
6258
304
2199
9165
4766
1503
2847
9536
4746
7349
1352
5844
6210
563
4736
3838
2580
2476
8617
6066
711
1580
9956
2260
5965
3865
5837
7916
9499
4840
5347
7631
8520
9235
5643
4427
2836
2282
1125
6739
6940
3496
9583
7676
3083
695
5752
823
9507
262
2488
2913
5436
4778
4271
7623
8252
7699
9867
2989
5352
849
4125
2833
4585
2694
3230
2380
9619
2557
4014
2041
7954
2124
7374
8729
8134
2166
7279
7605
1360
5220
1130
9974
7629
613
1713
7090
3747
8563
6677
3639
7178
9753
7306
8333
3709
3874
3576
1527
8417
7842
5316
5003
1765
2891
1182
1666
5402
5513
364
8162
7796
4431
4263
122
258
1142
1540
7245
1515
6386
3605
514
2298
7784
8849
1515
7019
3741
6434
182
9094
9505
8045
305
8060
4300
4760
9585
2719
5431
3575
9892
6951
1054
3367
6036
7314
2580
2222
8095
796
9944
9122
7462
6287
3638
8090
5955
8588
2113
6082
7087
4235
8608
8899
7746
5631
7095
226
9852
3406
9080
855
1475
6064
6025
1058
830
1046
6375
6985
9234
5469
3019
8996
2603
5746
2940
4653
4813
4360
6582
5170
5259
1287
8681
6557
9480
680
869
2534
1340
2879
548
3670
553
7016
3592
7248
7422
261
2600
9964
8140
4054
5477
9059
24
1066
5473
1842
6368
2150
5282
9176
1986
2116
1876
6146
2777
4045
2989
3930
6120
3737
8084
7163
1580
1862
1316
217
9166
6488
1022
46
4646
2480
7725
9047
854
896
718
6641
4022
5486
5199
6414
4987
3447
8343
7548
5566
6742
2439
568
3306
677
2399
1231
4134
7299
68
1077
3684
5046
1105
7033
6472
1315
3483
3225
3885
7676
2314
3554
3525
7001
8324
8027
6256
4730
6860
8786
9823
4428
7676
5895
7976
1114
2830
6680
141
4662
5729
1004
7336
7816
9241
5476
8154
1302
2552
1455
7717
2101
6365
7997
1286
3967
2730
7990
9287
1973
5898
2636
947
1862
8770
3422
3948
6257
6712
6303
4954
2696
8561
2310
756
2166
5983
6375
420
9522
4203
1970
6918
3124
3135
138
529
6599
2568
8649
3545
3903
858
1090
3924
2286
804
7799
9308
3874
5
2108
740
2016
1071
9068
2239
3719
1578
7178
8045
1534
7629
7530
7559
9024
9817
1058
5133
4218
1462
2411
2766
1345
4066
9820
4392
2505
471
969
2576
4452
5597
2552
7557
6184
9072
9252
5424
7428
435
85
9230
9235
8724
2032
4449
802
7762
3819
1332
3551
189
8980
1118
5075
7549
9250
4808
2273
3941
3244
2082
2271
1609
5305
5043
7861
4462
904
1616
3732
6657
8208
8991
1929
2234
6666
8364
6017
786
6238
7708
1503
1764
4732
8112
5196
7488
717
1052
5982
4533
2232
2121
5404
7552
7256
9031
2657
2448
9358
6391
1328
4044
3876
3000
1863
8983
3762
4352
486
2402
4276
6270
4081
5283
7803
5389
7300
6997
3075
3052
2664
2272
6677
5724
179
9866
4510
6633
5284
3246
3856
4061
8239
7788
6935
2049
4853
2033
2942
8965
8281
1977
8643
306
238
386
4697
7165
773
1651
3325
4159
8757
4332
2619
7428
1179
4688
6849
8385
629
3152
932
441
2442
5546
2610
977
7965
6066
9432
1954
33
4111
6501
2063
798
26
4750
856
3252
8418
8755
79
5344
7364
8930
4969
9549
2313
1579
4406
989
4543
2724
7316
6776
6365
3646
6353
9060
3537
1287
7344
7398
3101
1457
7839
3992
466
2899
8150
8940
1195
2030
1634
3679
6861
2851
8658
4689
9965
1379
8242
4996
7571
1431
743
1267
4525
6465
6025
1717
215
9395
5128
4754
1866
1870
1816
2693
8514
1374
3935
7522
9109
3332
2001
1355
8865
4452
3705
7022
101
1985
4715
9761
2930
7621
5511
2496
2931
2245
5729
4150
2411
7476
2335
5802
1326
7014
6067
1644
1523
6312
7370
9713
4376
9295
9476
4443
2727
3870
7892
5228
1031
4508
4842
1500
7398
9158
2383
841
9718
304
9089
6447
9749
7617
9200
2505
8258
912
2248
4070
2924
2842
9120
15
2749
5766
7474
5351
1111
6842
9436
4548
3534
7582
9223
1070
1062
2274
3622
7702
1646
252
2080
6105
5166
9204
4690
5077
4668
8500
7135
6762
6693
5530
5817
3956
3067
2272
69
3897
1690
1934
825
8478
8079
3518
3577
9503
9019
8801
2995
7198
708
2608
8568
796
2140
7221
2044
294
3959
2234
927
6689
4583
7938
2829
5321
2170
327
2611
71
3751
548
515
8769
9300
3844
8746
2470
5212
5099
3007
10
287
4340
9231
63
4698
2250
471
3189
4760
8250
5106
995
9961
7528
2564
1686
2755
3426
2181
8505
4358
9683
6770
966
8756
2072
7920
3052
4129
1432
7666
3378
3463
7167
5406
858
5709
7708
6219
7050
4329
1900
4574
3159
1203
9062
5093
6114
8284
8745
1603
2936
3888
6402
2749
1636
7704
8163
4948
3432
802
2592
4180
4493
244
9259
3549
4775
3055
4307
3200
8956
2385
2216
9356
2373
9998
2899
297
998
848
9908
8196
5579
492
3371
1421
8372
8790
2987
3262
1507
6344
1739
9565
9875
335
5231
5235
8043
7927
6663
2366
4243
2808
2983
6291
6935
8577
2231
4024
1449
6692
5291
5026
2220
1170
8853
1722
9790
9896
473
4181
1509
9642
4866
8500
1533
4831
1683
1625
7073
365
6689
8940
7577
9175
7199
8413
5314
8020
8618
3626
1908
7298
6950
6883
4352
7930
1176
4092
2761
7526
9925
8611
613
2896
795
5475
8035
7293
6127
4536
143
2650
6359
5811
803
9221
1545
2800
625
7184
8147
2423
9535
8305
6157
9840
2577
4397
1500
475
7949
6182
5400
5342
635
1619
1184
944
668
5440
6364
5366
8477
3141
8787
2907
636
379
1918
7190
618
2699
5276
5238
8049
2281
6168
625
4903
9202
6585
3246
4276
6226
168
1055
8033
4634
519
4100
2817
6688
8336
3403
6868
9046
4379
4428
970
9775
6196
4437
453
2815
61
1169
9426
5955
3919
1086
9514
1522
6023
7358
7219
482
1183
2014
3900
1309
1658
2870
7817
2613
9972
289
8588
2582
1913
2238
565
5931
8709
6981
9931
788
2620
9742
3899
8518
5563
8190
3696
2148
5006
5427
4981
1468
7379
2371
9511
1557
4751
2224
5565
1720
1184
8319
3244
3740
227
8008
902
7062
7463
5152
6260
3185
5906
294
1028
3323
9234
1259
4916
1344
8790
2645
5087
5866
4142
5862
5239
8601
8320
4792
6981
7744
29
6604
3389
9664
3763
9380
4485
8313
7988
7165
4055
2654
8471
2592
5860
648
6750
1963
812
3758
5463
9100
7788
4516
1607
2414
4407
8977
8180
5783
1240
7509
7617
4913
6214
1435
7024
2728
7609
4523
6723
8051
9805
6851
1699
678
1700
471
4677
5399
2593
9047
8714
7456
2658
720
8054
468
4973
2534
1283
8069
4079
8608
3206
2598
784
52
114
8701
2059
4692
2092
6267
7405
5049
9807
94
8412
4160
497
711
9946
178
7829
808
4761
4712
6514
7424
6769
6894
1877
1562
3953
24
5266
4130
3570
3219
8737
8378
1714
4749
1735
9853
8160
1527
9841
2354
1347
1081
3672
466
1663
3431
2162
9293
186
883
9237
266
9804
8532
7042
7678
8646
2133
1487
7407
1221
3024
8661
2649
7639
317
6972
1968
8013
6645
7219
472
5185
6460
2884
6818
6714
5631
3895
9015
6045
554
4918
5561
5958
8925
4994
1032
8664
6080
4308
4371
2257
6564
8486
5600
2994
1180
3875
894
317
8540
4651
8968
4559
7984
6028
9805
3169
9681
3582
4814
3241
7508
8701
535
7286
5635
1245
7745
1069
8864
4313
4855
2605
1478
5180
5592
6426
6818
2196
29
295
1427
451
8332
661
270
7448
9052
4812
3493
6301
265
3703
4153
4946
7530
7717
9533
4139
5441
6717
7181
9606
6579
2834
7023
3007
4185
4839
6408
3671
7894
3349
66
5762
554
1242
2093
7935
4839
1764
6596
1038
5986
4846
897
2766
1243
4123
9267
388
3248
6417
7423
9202
9615
8151
7461
4599
2747
4466
7749
6484
5361
2284
2530
7327
3596
4007
7461
267
9797
4320
757
4072
5791
647
1237
2183
1490
9710
9566
4000
3494
3073
143
4103
6387
6709
7602
5421
310
7027
3874
5267
1190
1782
7434
1956
5224
3219
9007
9203
1680
186
9360
4515
2233
6106
2204
2438
439
633
5701
4584
8314
2308
8356
7292
7206
2995
8334
999
5713
2497
1973
6636
6493
1163
6706
4824
871
6935
1825
4880
7822
1703
797
7079
9368
8942
6686
4755
913
4914
6257
114
7510
9074
6471
2666
7505
4442
3855
2462
997
181
6168
3656
7501
9922
5586
1171
5776
5931
2405
488
8984
5857
9541
2076
2755
8972
4500
9575
2553
754
360
5864
7920
1045
5823
8871
5068
354
6143
3771
2474
2102
275
8605
5567
2196
9859
6301
5613
3078
9699
132
5510
7040
7839
7114
9460
1499
693
8248
8424
992
452
2704
5121
2450
2980
8236
2799
210
3254
4484
2424
1309
9500
2981
7163
6761
8620
6654
3092
1200
6818
9900
96
7052
9556
8169
9745
83
1705
6880
1172
341
2284
4340
6192
5780
366
7841
1490
5362
3786
4227
1863
2946
4285
4726
1113
9800
8742
5966
9662
9682
9338
6792
8861
9563
8027
4049
5379
4846
3673
789
3029
920
2153
7306
1415
4545
8406
2911
1516
7340
9653
991
8846
9340
3694
1002
6897
2137
5944
6341
9971
1700
4227
2561
4743
5656
8204
6394
2402
4162
4124
8977
5189
7794
6898
6508
876
6049
3379
1724
1142
6773
543
63
1863
9380
2021
8184
810
4774
3722
7180
2939
381
8150
941
5796
6585
5583
9676
2822
7431
5818
5195
7354
2362
9439
4145
2328
317
2333
5169
3752
4472
4990
2333
9208
5745
4956
1863
7038
7812
1652
9017
1757
6486
1930
6582
7965
2711
3437
1200
150
5078
2908
4106
8189
6201
473
8017
563
2237
5405
1655
2314
1419
9308
4288
6842
6604
7882
1313
7651
1534
7087
6917
2819
5190
8855
6114
9546
4569
3885
3868
1100
8550
2009
2360
7638
8295
9543
8756
1877
3880
730
1573
3220
7702
352
5248
7764
6684
344
557
4305
857
690
4313
4019
998
3606
2619
6722
103
4055
3417
4958
7553
1129
1356
1837
9499
1201
2594
5766
3879
604
3458
2445
818
6595
7365
6480
6202
7117
67
9314
8112
9205
3003
4758
2206
3326
1160
5263
6363
9924
8416
8677
8348
741
7870
6506
3613
6079
8595
5997
7425
8716
600
8319
8439
5980
2855
3460
9165
1601
3995
1805
7497
4385
6549
7636
7061
2087
480
1591
6107
5243
264
3480
2689
2707
6198
2484
775
5354
5887
5075
9663
3984
2734
7056
7340
8067
5070
7914
606
6892
1245
1561
6156
6829
2413
5060
8676
5353
1309
1715
8431
7076
5960
2097
8888
8589
9852
2964
6830
3513
1966
7008
2296
9491
1580
9993
4473
192
1890
3320
6581
5783
7169
3487
3106
4913
8125
2640
114
1053
6358
9531
2608
5800
2570
3222
745
2411
3256
9026
3965
8357
7160
1772
821
5242
5306
818
4200
3004
2332
6358
4169
5225
3567
2071
9235
3094
1276
1950
1000
1274
6483
1286
8085
2334
2757
7057
5851
9588
8355
6870
74
5460
9093
8079
8990
5407
5760
1106
2750
462
5474
750
8707
9099
1456
2457
1142
6370
5058
7143
6445
7801
7292
8350
648
8142
2016
5304
54
9696
8003
2280
9389
6480
3758
1680
6042
6617
9542
4786
6534
4302
461
646
2090
980
6602
6604
8996
7520
1031
35
890
2113
6377
9977
1790
3536
1445
5635
5763
311
9809
4463
9087
6385
2745
8760
3314
2433
6932
907
3830
2341
7574
2776
8935
1372
150
9898
1444
933
5283
3946
4262
1546
2242
5008
2113
6605
2203
7228
874
2098
2294
2213
984
7918
7712
2544
4861
7805
2962
867
3094
8474
4387
1530
417
7707
3533
73
6239
3243
5038
9235
7514
6972
8144
2939
2393
5980
1050
761
7074
9256
1496
3904
1535
7135
3145
2221
5764
152
6344
6722
1887
8837
1310
8340
1505
1578
1861
1682
5773
9929
4816
6695
2622
2352
8249
2850
8045
3606
346
2884
1540
6305
4369
1337
1837
8940
9134
1258
7662
3815
5006
114
713
1183
9885
7840
9886
4272
9464
8237
2613
7016
7505
1391
5353
6877
4246
8940
6358
4738
9748
4515
3543
8534
9847
5896
393
7709
8597
782
4916
7300
3325
570
4715
8271
6186
1701
2578
4005
7116
4530
1199
1070
8825
9889
6964
3900
1503
3299
7564
7944
4510
9775
2308
9854
3316
9620
3116
2203
7288
32
3982
1574
427
9969
3678
8941
4652
4794
9314
1457
7579
8776
6148
1973
4560
4725
5270
3699
1837
365
3766
2336
8257
9823
3618
3873
2143
8598
557
8958
6558
377
1267
6229
6354
2544
9257
5346
2555
9032
9160
397
7292
6008
6716
149
6094
2709
6344
3484
1814
6931
1708
4803
1909
1789
1514
3896
7375
2343
677
2284
5055
225
6971
6090
3128
3183
8821
7413
9998
6759
3900
897
7447
7450
4030
4869
7644
1079
7281
2927
8916
3213
1080
6616
4755
1535
6596
153
2046
5485
540
5343
2563
5024
623
140
1991
6357
3305
1150
7151
127
4645
579
147
5606
2163
7645
9024
6884
6202
322
2606
3474
5135
5751
3377
3662
9415
4271
8403
2240
5689
9070
8930
5118
8935
1523
629
7196
2126
5877
5317
8951
5228
605
5018
9172
4290
1605
116
3140
2251
9199
1563
2636
5612
7337
5497
9810
2619
335
2374
1946
2469
482
6836
658
714
1384
8716
7642
3804
5923
328
5625
8809
7990
2595
891
3764
2118
9166
1599
8363
4477
3685
7969
3348
5973
3361
2051
7114
2131
1871
1825
8471
4369
1793
533
257
1185
9603
296
1498
4463
1920
2971
8499
4983
2630
2469
1345
6166
8952
2749
195
773
3315
4634
6594
5107
3123
6729
6521
2066
1254
1455
4856
8838
4913
2367
2884
5929
8626
2878
8545
5218
4358
8086
2274
5222
4092
1352
6896
5744
6153
1349
2730
9630
1245
143
1004
1500
5462
8923
9331
5013
9635
8298
5727
8070
140
9752
474
6469
4801
9924
152
2450
7504
4033
5295
2046
699
9485
3226
1689
4744
5360
9209
6752
3019
7127
6874
9687
9425
7986
1214
5538
4271
9403
9829
4027
4250
7784
7627
6127
4664
2162
1704
6506
4055
918
2050
5716
7084
7324
5014
2619
4303
9783
3895
3075
5093
572
6373
284
1358
3702
7170
2371
7168
2473
7777
4748
9620
8598
2736
2382
2895
1599
456
5503
7844
6507
8050
6194
4327
1516
4349
461
4469
2815
2077
8160
8675
580
7381
1683
1508
2895
3224
8400
2319
2030
3132
3281
5920
1995
753
7947
1694
1972
3841
875
1693
1146
4296
2063
1029
5527
7958
7688
3250
6931
4530
4030
8653
680
4113
8357
7419
8357
888
8976
1861
6016
8558
4291
3960
4815
6581
8620
1405
2761
1163
133
7867
2841
1116
2675
9468
707
2746
2851
1486
570
4127
6870
1899
5680
962
8089
3931
7151
1001
3611
2680
1960
9662
7449
4610
5402
9989
972
2660
2406
1901
8565
391
2177
8789
471
5606
3529
7488
2278
4545
6443
6460
2559
4501
3812
2495
6440
2556
9542
1588
1513
3650
5278
1157
5739
1576
5300
7928
192
4236
1699
4639
2004
8888
169
6923
5890
2921
5585
5601
5609
7235
463
912
8369
3460
5659
6849
2281
9334
66
8304
6051
4553
8202
7930
994
8624
325
6679
3938
2427
5479
907
2361
1349
6571
3383
764
5807
818
677
5797
588
2814
5124
9572
3294
6927
640
7796
3138
4763
6758
7519
7159
9155
6742
7285
3428
2260
778
4025
1674
315
6870
7628
3064
8173
7057
3854
3406
1062
8179
1873
5077
5184
527
7297
2205
5670
2355
1249
1206
105
6349
8680
2451
611
7297
7532
5419
9930
5784
9197
1170
1287
571
5269
456
4968
7856
6383
5776
7731
3748
5110
2932
5228
6810
7903
7607
7833
2354
3145
843
2371
4734
3683
628
1232
1170
5199
5165
2591
1050
5127
2089
9667
7455
9901
4477
1220
9485
967
7724
2898
7663
1162
1986
9340
220
1910
6134
1712
3943
5603
4954
3811
8897
9146
2804
963
1809
4295
3298
3771
1415
9950
6521
3543
5917
5611
4447
9929
8367
2686
506
987
2077
5159
1208
8182
9726
3999
3632
722
9527
8519
9273
5407
5773
308
378
3172
2839
2140
6050
8501
8279
426
8537
1658
7915
8104
2518
62
255
5245
4594
8774
9317
3845
1324
8387
856
1313
9631
8937
1693
2334
2370
9648
1626
7642
5662
3578
8060
2132
9717
7783
1300
8547
8656
7878
3889
859
3674
2093
9156
347
6908
922
9120
1738
6968
5323
2929
5156
8410
1707
430
9103
2875
4990
978
8547
184
5791
7607
9913
6195
4119
5620
7698
2152
113
617
7900
8499
7996
103
1089
3584
4449
326
9440
7299
8629
5217
6528
7929
3345
4837
7586
558
4160
6602
1815
4688
3001
4561
5506
212
1518
